281
4 0 7.29e-17 0
6 0 7.29e-17 0
7 0 4.131e-17 0
8 0 4.752e-17 0
10 0 2.565e-17 0
11 0 2.565e-17 0
13 0 2.565e-17 0
15 0 4.8735e-17 0
16 0 4.8735e-17 0
17 0 4.8735e-17 0
18 0 4.8735e-17 0
19 0 5.589e-17 0
29 0 3.645e-17 0
39 0 7.29e-17 0
42 0 3.645e-17 0
44 0 2.565e-17 0
45 0 3.645e-17 0
48 0 2.565e-17 0
54 0 3.645e-17 0
60 0 3.645e-17 0
71 0 3.645e-17 0
76 0 3.645e-17 0
77 0 3.645e-17 0
79 0 7.29e-17 0
82 0 3.645e-17 0
83 0 3.645e-17 0
92 0 3.645e-17 0
98 0 7.08717e-14 0
99 0 2.10492e-15 0
100 0 1.58472e-15 0
101 0 1.58472e-15 0
102 0 7.0728e-16 0
103 0 3.80142e-15 0
104 0 1.08488e-14 0
105 0 6.23604e-15 0
106 0 6.0069e-15 0
107 0 9.74263e-15 0
108 0 1.15871e-14 0
109 0 7.80824e-15 0
110 0 5.9631e-15 0
111 0 5.63158e-15 0
112 0 1.09266e-14 0
113 0 1.64602e-14 0
114 0 1.30725e-14 0
115 0 6.74474e-14 0
116 0 3.3475e-14 0
117 0 1.24378e-14 0
118 0 4.84182e-15 0
119 0 3.24874e-14 0
120 0 3.92335e-14 0
121 0 1.4797e-14 0
122 0 1.0422e-14 0
123 0 2.61414e-14 0
124 0 8.17929e-15 0
125 0 6.95083e-15 0
126 0 6.15657e-14 0
127 0 7.04097e-15 0
128 0 4.79145e-14 0
129 0 6.24417e-14 0
130 0 6.76394e-14 0
131 0 3.01659e-14 0
132 0 4.87122e-15 0
133 0 8.50794e-15 0
134 0 8.54262e-14 0
135 0 7.22203e-15 0
136 0 2.41294e-14 0
137 0 3.10093e-14 0
138 0 3.53092e-14 0
139 0 2.11946e-14 0
140 0 7.73934e-15 0
141 0 7.41636e-15 0
142 0 2.56243e-14 0
143 0 2.28501e-14 0
144 0 7.09227e-15 0
145 0 7.86165e-15 0
146 0 7.84596e-15 0
147 0 4.79931e-14 0
148 0 3.08184e-14 0
149 0 5.21437e-15 0
150 0 5.2776e-15 0
151 0 7.71707e-15 0
152 0 8.16746e-15 0
153 0 1.84459e-14 0
154 0 8.28865e-15 0
155 0 1.68264e-14 0
156 0 1.68875e-14 0
157 0 1.11895e-14 0
158 0 5.23188e-14 0
159 0 5.17388e-14 0
160 0 7.43126e-15 0
161 0 3.55343e-14 0
162 0 1.5681e-14 0
163 0 2.63403e-15 0
164 0 1.30208e-14 0
165 0 1.25745e-14 0
166 0 2.85531e-14 0
167 0 1.50877e-14 0
168 0 6.94691e-14 0
169 0 1.58933e-14 0
170 0 9.25971e-14 0
171 0 7.10018e-15 0
173 0 7.37782e-15 0
174 0 6.57851e-15 0
175 0 1.37508e-14 0
176 0 6.95948e-15 0
177 0 6.32245e-15 0
178 0 8.74495e-15 0
179 0 5.20884e-15 0
180 0 5.48649e-15 0
181 0 7.67462e-15 0
182 0 8.16174e-15 0
183 0 1.47942e-14 0
184 0 2.23129e-14 0
185 0 1.69358e-14 0
186 0 7.19266e-15 0
187 0 1.89899e-14 0
188 0 1.14567e-14 0
189 0 7.40238e-15 0
190 0 8.26132e-15 0
191 0 1.83543e-14 0
192 0 1.92697e-14 0
193 0 8.19864e-15 0
194 0 1.38382e-14 0
195 0 1.62665e-14 0
197 0 6.51289e-15 0
198 0 1.28391e-14 0
199 0 2.57131e-14 0
200 0 2.20259e-14 0
201 0 6.50368e-15 0
202 0 1.77271e-14 0
203 0 1.49252e-14 0
204 0 7.43554e-15 0
205 0 1.4502e-14 0
206 0 1.63305e-14 0
207 0 2.96156e-14 0
208 0 9.76522e-15 0
209 0 2.24071e-14 0
210 0 9.48813e-15 0
211 0 7.65921e-15 0
212 0 1.44162e-14 0
213 0 1.95916e-14 0
214 0 1.34638e-14 0
215 0 5.01168e-15 0
217 0 8.42037e-15 0
218 0 4.81318e-15 0
219 0 7.86441e-15 0
220 0 1.74221e-14 0
221 0 1.89584e-14 0
222 0 2.48848e-14 0
223 0 7.25946e-15 0
224 0 3.58607e-14 0
225 0 7.39953e-15 0
226 0 1.55487e-14 0
227 0 1.13239e-14 0
228 0 2.19269e-14 0
229 0 1.04948e-14 0
230 0 1.71221e-14 0
231 0 1.21659e-14 0
232 0 7.11657e-15 0
233 0 9.839e-15 0
234 0 6.78082e-15 0
235 0 8.06149e-15 0
236 0 1.10646e-14 0
237 0 1.0831e-14 0
238 0 9.46492e-15 0
239 0 7.10748e-15 0
240 0 4.69278e-15 0
241 0 1.29664e-14 0
242 0 9.70916e-15 0
243 0 1.36593e-14 0
244 0 1.19804e-14 0
245 0 7.74259e-15 0
246 0 4.14624e-14 0
247 0 5.97432e-15 0
248 0 4.69278e-15 0
249 0 6.17628e-15 0
250 0 7.33548e-15 0
251 0 7.27005e-15 0
252 0 7.60841e-15 0
253 0 1.77181e-12 0
254 0 1.68682e-12 0
255 0 1.77503e-14 0
256 0 2.28681e-14 0
257 0 2.06262e-14 0
258 0 7.44926e-15 0
259 0 1.85774e-14 0
260 0 1.65505e-14 0
261 0 9.62198e-15 0
262 0 2.38723e-14 0
263 0 1.01216e-14 0
264 0 3.11091e-14 0
265 0 1.82956e-14 0
266 0 1.4714e-14 0
267 0 2.91972e-14 0
268 0 1.44313e-14 0
269 0 5.30282e-14 0
270 0 7.65338e-15 0
271 0 9.79827e-15 0
272 0 8.08974e-15 0
273 0 9.2553e-15 0
274 0 8.88699e-15 0
275 0 2.42287e-14 0
276 0 1.06915e-14 0
277 0 1.569e-14 0
278 0 6.95313e-15 0
279 0 1.95886e-14 0
280 0 4.19877e-14 0
281 0 2.2332e-14 0
