269
2 0 7.29e-17 0
5 0 2.565e-17 0
7 0 2.565e-17 0
9 0 4.8735e-17 0
10 0 2.565e-17 0
12 0 7.29e-17 0
13 0 2.3085e-17 0
16 0 2.3085e-17 0
18 0 4.8735e-17 0
19 0 7.29e-17 0
21 0 2.565e-17 0
22 0 7.29e-17 0
27 0 1.458e-16 0
39 0 3.645e-17 0
50 0 3.645e-17 0
54 0 3.645e-17 0
67 0 3.645e-17 0
77 0 3.645e-17 0
82 0 3.645e-17 0
83 0 3.645e-17 0
96 0 3.645e-17 0
97 0 8.06987e-14 0
98 0 1.58472e-15 0
99 0 2.71953e-15 0
100 0 2.10036e-15 0
101 0 7.0728e-16 0
102 0 1.82889e-14 0
103 0 6.0252e-15 0
104 0 1.56258e-14 0
105 0 6.12363e-15 0
106 0 6.12921e-15 0
107 0 1.85735e-14 0
108 0 5.961e-15 0
109 0 1.03425e-14 0
110 0 1.53105e-14 0
111 0 5.1579e-15 0
112 0 3.50226e-15 0
113 0 4.98462e-15 0
114 0 2.8061e-14 0
115 0 7.03356e-15 0
116 0 8.68728e-15 0
117 0 4.07128e-14 0
118 0 1.0535e-14 0
119 0 4.14556e-14 0
120 0 1.28551e-14 0
121 0 6.80217e-15 0
122 0 8.51064e-15 0
123 0 7.83382e-15 0
124 0 1.68531e-15 0
125 0 1.1714e-14 0
126 0 6.56844e-15 0
127 0 5.58603e-14 0
128 0 1.08195e-14 0
129 0 2.0367e-14 0
130 0 5.64963e-15 0
131 0 7.36962e-15 0
132 0 3.98835e-14 0
133 0 1.60552e-14 0
134 0 6.15335e-15 0
135 0 7.61421e-15 0
136 0 1.67285e-14 0
137 0 5.73433e-14 0
138 0 1.05846e-14 0
139 0 5.7224e-14 0
140 0 1.25117e-14 0
141 0 1.77955e-14 0
142 0 3.44003e-14 0
143 0 2.17602e-14 0
144 0 3.6931e-14 0
145 0 4.43643e-15 0
146 0 2.67389e-14 0
147 0 3.89466e-14 0
148 0 2.43157e-14 0
149 0 7.70081e-15 0
150 0 7.27519e-15 0
151 0 6.33542e-15 0
152 0 1.0973e-14 0
153 0 3.34317e-14 0
154 0 4.86637e-14 0
155 0 3.63738e-14 0
156 0 5.20925e-15 0
157 0 7.20306e-15 0
158 0 7.80803e-15 0
159 0 1.40523e-14 0
160 0 2.55197e-14 0
161 0 4.64793e-15 0
162 0 2.34755e-14 0
163 0 1.837e-14 0
164 0 7.37183e-14 0
165 0 4.38999e-15 0
166 0 7.45969e-15 0
167 0 1.11802e-14 0
168 0 7.99019e-15 0
169 0 7.37473e-15 0
170 0 2.90818e-14 0
171 0 5.33426e-15 0
173 0 7.94033e-15 0
174 0 1.85638e-14 0
175 0 4.81318e-15 0
176 0 1.3566e-14 0
177 0 8.71973e-15 0
178 0 2.27818e-14 0
179 0 8.1942e-15 0
180 0 1.09685e-14 0
181 0 3.05165e-14 0
182 0 1.67776e-14 0
183 0 1.62604e-14 0
185 0 1.12018e-14 0
186 0 1.54026e-14 0
187 0 5.3856e-15 0
188 0 4.81318e-15 0
189 0 9.40986e-15 0
190 0 8.48835e-15 0
191 0 2.60165e-14 0
192 0 1.12656e-14 0
193 0 9.35221e-15 0
194 0 2.55266e-14 0
195 0 9.32986e-15 0
196 0 1.04162e-14 0
197 0 3.10489e-14 0
198 0 1.55166e-14 0
199 0 1.13345e-14 0
200 0 8.12308e-15 0
201 0 8.57878e-15 0
202 0 4.69263e-14 0
203 0 1.13005e-14 0
204 0 2.91841e-14 0
205 0 8.41506e-15 0
206 0 5.39285e-14 0
207 0 5.2959e-15 0
208 0 6.97869e-15 0
209 0 1.20881e-14 0
210 0 1.2493e-14 0
211 0 7.55583e-15 0
212 0 8.84887e-15 0
213 0 1.11793e-14 0
215 0 8.05938e-15 0
216 0 4.21843e-14 0
217 0 5.90521e-15 0
218 0 2.10718e-14 0
219 0 1.13663e-14 0
220 0 2.1958e-14 0
221 0 2.38377e-14 0
222 0 1.2645e-14 0
223 0 1.02819e-14 0
224 0 1.03342e-14 0
225 0 1.12344e-14 0
226 0 6.93e-15 0
227 0 9.44376e-15 0
228 0 9.63549e-15 0
229 0 7.68563e-15 0
230 0 1.64499e-14 0
231 0 6.17382e-15 0
232 0 8.54106e-15 0
233 0 2.78962e-14 0
234 0 7.78242e-15 0
235 0 5.09538e-15 0
236 0 1.12873e-14 0
237 0 2.17728e-14 0
238 0 9.73089e-15 0
239 0 7.43916e-15 0
240 0 8.24739e-15 0
241 0 1.6767e-12 0
242 0 1.63244e-12 0
243 0 2.29647e-14 0
244 0 2.76826e-14 0
245 0 2.11211e-14 0
246 0 7.44926e-15 0
247 0 3.38247e-14 0
248 0 1.83859e-14 0
249 0 1.62186e-14 0
250 0 2.25629e-14 0
251 0 1.45459e-14 0
252 0 6.3046e-14 0
253 0 2.07579e-14 0
254 0 1.15102e-14 0
255 0 2.50493e-14 0
256 0 1.31301e-14 0
257 0 4.61264e-14 0
258 0 6.81256e-15 0
259 0 1.63922e-14 0
260 0 6.4914e-15 0
261 0 1.18209e-14 0
262 0 9.86436e-15 0
263 0 2.54209e-14 0
264 0 1.89304e-14 0
265 0 1.79295e-14 0
266 0 7.44984e-15 0
267 0 3.65105e-14 0
268 0 4.70151e-14 0
269 0 1.74595e-14 0
